      0.0000  0.59713437E+09 -0.26755189E-08  0.15441927E-09  0.13665642E+08 -0.30342007E-09  0.59656723E+09  0.22141612E+08 -0.26413805E-09 -0.70436662E-10 -0.22141612E+08  0.59656723E+09 -0.83657243E-08  0.13665642E+08 -0.21401945E-09  0.10272936E-07  0.59713437E+09
      1.0000  0.22933677E+09  0.97439957E+00 -0.12073500E+01  0.50917732E+07  0.24684309E+01  0.22755199E+09  0.84803811E+07  0.33509691E+01 -0.19202130E+01 -0.84803811E+07  0.22755199E+09  0.89466036E-01  0.50917732E+07 -0.49162634E+01  0.58184359E+00  0.22933677E+09
      2.0000  0.84550196E+06 -0.10026254E+02  0.13629157E+02  0.32105957E+04  0.17822977E+02 -0.21882060E+06  0.63664081E+05 -0.10649520E+02  0.53258099E+01 -0.63664081E+05 -0.21882060E+06  0.14730205E+02  0.32105825E+04 -0.66304866E+01 -0.85974709E+00  0.84550184E+06
      3.0000  0.84452089E+07 -0.10048997E+03  0.15725920E+03  0.16727072E+06 -0.74415306E+02  0.83694113E+07  0.37458238E+06 -0.25738540E+03  0.15786519E+03 -0.37458238E+06  0.83694113E+07  0.59893138E+02  0.16727070E+06  0.27950627E+03 -0.36439683E+02  0.84452088E+07
      4.0000  0.14782780E+07  0.42116331E+02 -0.77273788E+02  0.19635861E+05  0.36728628E+02  0.14468461E+07  0.63297252E+05  0.99601314E+02 -0.74587168E+02 -0.63297270E+05  0.14468461E+07 -0.38167835E+02  0.19635841E+05 -0.11091296E+03  0.32201946E+02  0.14782779E+07
      5.0000  0.10737563E+07  0.35633544E+02 -0.72422101E+02  0.13995614E+05  0.26819624E+02  0.10152095E+07  0.33874663E+05  0.56513609E+02 -0.77311599E+02 -0.33874536E+05  0.10152094E+07 -0.26281548E+02  0.13995589E+05 -0.13746605E+03 -0.24634047E+01  0.10737561E+07
      6.0000  0.10285768E+07  0.11230781E+02 -0.45494336E+01  0.92716000E+04  0.13388140E+02  0.10021171E+07  0.35917740E+05 -0.29123230E+02  0.62392494E+00 -0.35917664E+05  0.10021171E+07 -0.56474367E+02  0.92715647E+04 -0.18829993E+02  0.41313860E+02  0.10285766E+07
      7.0000  0.12006890E+06  0.32723569E+00  0.27803000E+02  0.46438808E+03 -0.12731760E+01  0.11142880E+06 -0.11977293E+04 -0.20789883E+02  0.29491595E+02  0.11977262E+04  0.11142880E+06 -0.21942646E+02  0.46438549E+03  0.21812298E+02  0.16529799E+02  0.12006874E+06
      8.0000  0.55049563E+06  0.44615940E+02 -0.15425105E+03 -0.10174174E+04  0.32160086E+02  0.54147511E+06  0.22657139E+05  0.86602946E+02 -0.12963929E+03 -0.22657095E+05  0.54147511E+06 -0.24845938E+02 -0.10174637E+04 -0.11346093E+03  0.20827086E+02  0.55049535E+06
      9.0000  0.88162681E+05 -0.29756416E+01 -0.26830232E+01 -0.24102654E+02 -0.81782583E+01  0.76612068E+05  0.37351521E+03 -0.27329130E+02  0.28995257E+02 -0.37323228E+03  0.76611943E+05  0.91382457E+01 -0.24173990E+02 -0.56114020E+01 -0.10188475E+02  0.88162151E+05
     10.0000  0.24126573E+06  0.61405626E+01 -0.36202878E+02 -0.33886544E+04  0.59914710E+01  0.23838973E+06  0.11943164E+05  0.90365110E+01 -0.34149596E+02 -0.11943162E+05  0.23838973E+06 -0.52895647E+01 -0.33887522E+04 -0.10636604E+02  0.31887446E+01  0.24126545E+06
     11.0000  0.80761185E+05  0.14362181E+02 -0.53694826E+02 -0.83594548E+03  0.14115492E+02  0.78979034E+05  0.15087155E+04  0.10767691E+01 -0.49176681E+02 -0.15087043E+04  0.78979023E+05 -0.67446393E+00 -0.83601509E+03 -0.10131269E+01  0.33771153E+01  0.80760924E+05
     12.0000  0.62787609E+05 -0.87375653E+01 -0.52233691E+02 -0.18973699E+04 -0.25620028E+01  0.58300664E+05  0.20391717E+04 -0.70559293E+01 -0.26895627E+02 -0.20388416E+04  0.58300588E+05 -0.10101883E+02 -0.18974439E+04  0.11728857E+02  0.10393711E+02  0.62786947E+05
     13.0000  0.37882946E+05  0.14028297E+02 -0.27003627E+02 -0.11947656E+04  0.10952616E+02  0.34956029E+05 -0.75744021E+03  0.21727506E+01 -0.64393403E+01  0.75771664E+03  0.34955901E+05 -0.31766061E+01 -0.11948299E+04  0.14308315E+02  0.46617932E+01  0.37882287E+05
     14.0000  0.84230705E+04 -0.36723415E+01 -0.38378331E+01 -0.30968954E+03 -0.47034596E+00  0.71357352E+04 -0.74626221E+03 -0.45685174E+00 -0.30459712E+01  0.74632069E+03  0.71356898E+04 -0.67717258E+00 -0.30967312E+03  0.21593841E+01 -0.64243279E+00  0.84227001E+04
     15.0000  0.39459269E+04 -0.59956050E+01 -0.44761529E+01 -0.22617439E+03 -0.16758083E+01  0.30235726E+04 -0.73488453E+03  0.77786152E+00 -0.12339643E+02  0.73493299E+03  0.30235529E+04 -0.83086001E+01 -0.22624118E+03  0.14787445E+02  0.11534607E+02  0.39454501E+04
     16.0000  0.34829474E+04 -0.10957368E+01  0.53935578E+01  0.41392246E+02 -0.60763392E+01  0.18206591E+04 -0.10145522E+03  0.37839754E+01 -0.55278528E+01  0.10204955E+03  0.18204371E+04 -0.46459075E+01  0.41312368E+02  0.82249741E+01 -0.26445796E+01  0.34819265E+04
     17.0000  0.15569005E+05  0.26629129E+01  0.10559213E+02  0.74935212E+03  0.20871184E+01  0.14876201E+05  0.68228583E+03  0.26945652E+02 -0.97352693E+00 -0.68219848E+03  0.14876174E+05  0.35930877E+01  0.74917682E+03 -0.28420550E+02 -0.57356296E+01  0.15568414E+05
     18.0000  0.23262392E+04  0.26162041E+01 -0.27830762E+01  0.97580704E+02  0.16930386E+00  0.18858019E+04  0.20019807E+03  0.45255954E+01 -0.29841945E+01 -0.20009485E+03  0.18857566E+04 -0.38001139E+01  0.97514044E+02 -0.35746575E+01  0.28887884E+01  0.23258404E+04
     19.0000  0.36708424E+05  0.17079006E+02 -0.27407270E+02  0.55337960E+03  0.15002165E+02  0.35898338E+05  0.16030736E+04  0.37940907E+02 -0.31644751E+02 -0.16028236E+04  0.35898248E+05 -0.11531694E+02  0.55320126E+03 -0.57353891E+02  0.48671983E+01  0.36707687E+05
     20.0000  0.51469953E+04  0.48745415E+01 -0.54918781E+01  0.35884443E+02 -0.12604290E+01  0.37879802E+04  0.20438129E+03 -0.12503892E+02  0.30958990E+01 -0.20367842E+03  0.37876531E+04 -0.31602285E+01  0.35781512E+02 -0.14598360E+02 -0.19059146E+00  0.51457984E+04
     21.0000  0.25572197E+05  0.75759547E+01 -0.37203811E+02 -0.21777423E+03  0.28180079E+01  0.25076375E+05  0.12150967E+04  0.10555876E+02 -0.28660227E+02 -0.12150508E+04  0.25076310E+05 -0.15360270E+02 -0.21787699E+03 -0.17327132E+02  0.13198135E+02  0.25571611E+05
     22.0000  0.63995146E+04  0.42428353E+01 -0.16994651E+02 -0.15124247E+03  0.13616381E+01  0.60682744E+04  0.17766944E+03  0.31270985E+01 -0.11217588E+02 -0.17755567E+03  0.60682051E+04 -0.35941623E+01 -0.15129270E+03 -0.27300910E+01  0.55753642E+01  0.63989610E+04
     23.0000  0.54954481E+04  0.69891690E+00 -0.24969899E+02 -0.29424803E+03 -0.18062662E+01  0.50497210E+04  0.19961846E+03 -0.12867217E+01 -0.10344594E+02 -0.19907413E+03  0.50495141E+04 -0.42559395E+01 -0.29441564E+03  0.68255381E+01  0.43689677E+01  0.54942710E+04
     24.0000  0.11291780E+04  0.25654704E+01 -0.19735910E+01 -0.25184778E+02 -0.74516943E+00  0.85276538E+03  0.97343964E+01  0.16510531E+01  0.21268181E+01 -0.91150029E+01  0.85244621E+03 -0.11539617E+01 -0.25418286E+02  0.47897744E+01 -0.43432661E+00  0.11278712E+04
     25.0000  0.16098827E+04  0.37917973E+01  0.12452140E+01  0.10740737E+03  0.31757948E+01  0.14308256E+04  0.16014886E+03  0.68329289E+01 -0.36428671E+00 -0.16007128E+03  0.14308406E+04  0.18074501E+00  0.10723013E+03 -0.68666305E+01 -0.26177728E+01  0.16092486E+04
     26.0000  0.55859033E+04  0.14228449E+01  0.15386963E+01  0.71013097E+02  0.66394734E-01  0.53553205E+04  0.69161327E+02  0.19329087E+02 -0.42981871E+01 -0.69110635E+02  0.53552612E+04  0.21828590E+01  0.70820068E+02 -0.23471095E+02 -0.41858035E+01  0.55852273E+04
     27.0000  0.74650592E+04  0.10991030E+02 -0.14276028E+02  0.84662823E+02  0.28899621E+01  0.68290995E+04  0.37254214E+03  0.71130030E+01 -0.13202306E+02 -0.37174659E+03  0.68288784E+04 -0.23607592E+01  0.84476142E+02 -0.26911961E+02  0.41271312E+01  0.74634443E+04
     28.0000  0.92878525E+04  0.99798606E+01 -0.25435601E+02 -0.65864214E+01  0.51068909E+01  0.86299347E+04  0.18103360E+02 -0.79037731E+00 -0.12725392E+02 -0.17404064E+02  0.86295737E+04  0.60054235E+01 -0.67532388E+01 -0.22211674E+02 -0.82476470E+01  0.92862770E+04
     29.0000  0.52574906E+04  0.35396399E+01 -0.14782813E+02 -0.30389378E+02  0.25107913E+01  0.50072931E+04  0.95140040E+02 -0.12859409E+01 -0.10222412E+02 -0.94990350E+02  0.50071961E+04 -0.21808567E+01 -0.30420675E+02 -0.22707697E+01  0.29643931E+01  0.52566617E+04
     30.0000  0.17829796E+04  0.23414915E+01 -0.14033863E+02 -0.36410551E+02  0.22621956E+01  0.16256655E+04 -0.30905404E+02 -0.32232200E+01 -0.10228310E+02  0.31057552E+02  0.16255930E+04 -0.46017718E+01 -0.36471709E+02  0.61482600E+01  0.52245293E+01  0.17820859E+04
     31.0000  0.44774314E+03  0.55373337E+00 -0.85752659E+00  0.37484097E+01 -0.51622978E+01  0.31203523E+03 -0.88472482E+02  0.56705771E+00  0.11178550E+01  0.89300784E+02  0.31163443E+03 -0.53715329E+01  0.35391629E+01 -0.92487752E-01  0.56295017E-01  0.44590847E+03
     32.0000  0.17674961E+04  0.86195102E+01 -0.12074523E+00  0.40293135E+02 -0.17901385E+01  0.15130764E+04  0.12783188E+03  0.42322854E+01 -0.15531099E+01 -0.12697285E+03  0.15127846E+04 -0.73343899E-01  0.40020801E+02 -0.13766227E+02 -0.33085619E+01  0.17655866E+04
     33.0000  0.50532164E+04  0.33038931E+01 -0.10172487E+02  0.14535593E+02  0.14699302E+01  0.48070452E+04  0.18743771E+03  0.12491339E+02 -0.13760031E+02 -0.18735224E+03  0.48069937E+04  0.24927383E+01  0.14265095E+02 -0.20628344E+02 -0.57965032E+01  0.50523488E+04
     34.0000  0.26660987E+04  0.16415759E+01 -0.13318838E+02 -0.12069228E+02 -0.66259541E+00  0.24904891E+04  0.25615643E+03  0.15971625E+01 -0.12992409E+02 -0.25598296E+03  0.24904665E+04 -0.51875497E+01 -0.12256664E+02 -0.60553857E+01  0.54369512E+01  0.26652425E+04
     35.0000  0.35290536E+04  0.50301705E+01 -0.30721384E+02 -0.50225742E+02 -0.20256008E+01  0.32423937E+04  0.21150108E+03 -0.93021434E+01 -0.13428331E+02 -0.21082897E+03  0.32420543E+04 -0.58983093E+01 -0.50610528E+02 -0.43660701E+00  0.31046975E+01  0.35273349E+04
     36.0000  0.30594714E+03  0.38849461E+01 -0.89201725E+01 -0.13475015E+02 -0.37838762E+01  0.17738605E+03 -0.10183389E+02 -0.45188252E+01  0.54493263E+01  0.11451325E+02  0.17672245E+03 -0.34117826E+01 -0.13747411E+02 -0.62651685E+01 -0.24189642E+01  0.30356274E+03
     37.0000  0.95665436E+03  0.36609239E+01  0.34954693E+01  0.40866217E+02  0.37803435E+01  0.84735712E+03  0.41618386E+02  0.71658671E+01 -0.35471753E+01 -0.41458166E+02  0.84719450E+03  0.61308437E+00  0.40590817E+02 -0.10403056E+02 -0.43052748E+01  0.95541995E+03
     38.0000  0.40426012E+03  0.21613354E+01  0.12982682E+01  0.47536427E+01  0.12675598E+00  0.30175767E+03 -0.60135180E+01 -0.23242149E+01  0.92530973E-01  0.62752047E+01  0.30156056E+03  0.75523141E+00  0.47032156E+01 -0.24767620E+01 -0.14772594E+01  0.40322196E+03
     39.0000  0.49128923E+04  0.11853550E+02 -0.34293355E+02 -0.72659089E+01  0.34272891E+01  0.45750983E+04  0.45307885E+03  0.75174888E+01 -0.26035421E+02 -0.45274829E+03  0.45749684E+04 -0.92601109E+01 -0.75952061E+01 -0.25175051E+02  0.38241853E+01  0.49113815E+04
     40.0000  0.66203064E+03  0.38952706E+01 -0.10130045E+02 -0.10933225E+02 -0.25731899E+01  0.37888025E+03  0.15169320E+02 -0.11912455E+02  0.97314195E+01 -0.13732415E+02  0.37809926E+03 -0.25573875E+01 -0.11294379E+02 -0.11224652E+02 -0.19681562E+01  0.65921425E+03
     41.0000  0.31779897E+03  0.39659633E+01 -0.65205741E+01 -0.89581693E+00 -0.28891171E+01  0.17482292E+03  0.36883085E+02 -0.57376036E+01  0.27809000E+01 -0.36189216E+02  0.17444218E+03 -0.17288886E+01 -0.14311799E+01  0.24410830E+00 -0.24233235E+01  0.31572639E+03
     42.0000  0.57823906E+03  0.37769159E+01  0.27520831E+00  0.20680160E+02  0.15509874E+01  0.46787803E+03  0.79392574E+02  0.61414624E+01 -0.24287193E+01 -0.79242854E+02  0.46791422E+03 -0.76947970E+00  0.20388148E+02 -0.79763920E+01 -0.25131761E+01  0.57708404E+03
     43.0000  0.15228901E+04  0.32740754E+01 -0.68441149E+01 -0.10539377E+02 -0.29357353E-01  0.13218981E+04 -0.23194481E+02  0.45658213E+01 -0.96036626E+01  0.23350098E+02  0.13217995E+04  0.24436073E+01 -0.10838618E+02 -0.13351105E+02 -0.38183177E+01  0.15216949E+04
     44.0000  0.32533872E+04  0.94890785E+01 -0.34922363E+02  0.10304939E+01  0.14669598E+01  0.28589253E+04  0.21324879E+03 -0.75206270E+01 -0.19199607E+02 -0.21261993E+03  0.28587241E+04 -0.58940601E+01  0.50985845E+00 -0.14237751E+02  0.26334312E+01  0.32511148E+04
     45.0000  0.24607009E+03  0.57300940E+01 -0.96458952E+01  0.34089037E+00 -0.26118958E+01  0.51455866E+00 -0.14343205E+02 -0.12579761E+02  0.12701050E+02  0.15967710E+02 -0.25582912E+00 -0.43849360E+01  0.12878211E-01 -0.16084108E+02 -0.53826100E+01  0.24247496E+03
     46.0000  0.35254345E+03  0.25095018E+01  0.89516247E+00 -0.19806669E+02 -0.38713717E+01  0.16903540E+03 -0.54577430E+02  0.30949091E+01  0.65782117E+00  0.55182029E+02  0.16851236E+03 -0.18510043E+01 -0.20262642E+02 -0.86679995E+01 -0.22345083E+01  0.35020521E+03
     47.0000  0.97075882E+03  0.39739478E+01 -0.17972732E+01 -0.17236289E+02  0.67704408E+00  0.80054433E+03  0.25843946E+02  0.30757298E+01 -0.65306365E+01 -0.25623510E+02  0.80042128E+03  0.86560470E+00 -0.17280363E+02 -0.10357682E+02 -0.22087581E+01  0.96922325E+03
     48.0000  0.10010630E+04  0.54704003E+01 -0.89055463E+01  0.36317261E+01  0.17908051E+01  0.81479936E+03  0.26811753E+02 -0.17456107E+01 -0.71809691E+01 -0.26542170E+02  0.81469807E+03  0.69150692E+00  0.35962263E+01 -0.87954642E+01  0.22909691E+00  0.99945335E+03
     49.0000  0.11275569E+04  0.11080651E+02 -0.26256995E+02  0.37536134E+02  0.54356581E+00  0.85219777E+03 -0.11425449E+02 -0.12815087E+02 -0.56587907E+01  0.12005703E+02  0.85171119E+03 -0.46534723E+01  0.36998750E+02  0.17128647E+01  0.24221117E+01  0.11251028E+04
     50.0000  0.22692023E+03  0.11258322E+02 -0.13065178E+02 -0.72039358E+00 -0.94456451E+01 -0.51493223E+02 -0.32095218E+02 -0.13086473E+02  0.12385216E+02  0.33619603E+02 -0.52427136E+02 -0.17271578E+01 -0.12032025E+01 -0.14410300E+02 -0.36285278E+01  0.22283304E+03
     51.0000  0.11061623E+04  0.13050149E+02 -0.10943930E+02 -0.12760867E+02 -0.13006969E+01  0.77080778E+03  0.11782141E+03  0.50230208E+00 -0.38326764E+01 -0.11690847E+03  0.77037335E+03  0.18211540E+00 -0.13422048E+02 -0.23418584E+02 -0.25348785E+01  0.11028407E+04
     52.0000  0.18829313E+04  0.10674560E+02 -0.25575702E+02  0.13059069E+02  0.94205739E+00  0.15358206E+04  0.96426989E+02 -0.37692551E+01 -0.19510610E+02 -0.96243829E+02  0.15358128E+04 -0.30071295E+01  0.12445416E+02 -0.13348963E+02 -0.42038118E+01  0.18811801E+04
     53.0000  0.14107625E+03  0.15627198E+01  0.76785376E+00  0.58115604E+01  0.14578135E+00  0.21139267E+02 -0.77432018E+01 -0.27491391E+01  0.15253579E+01  0.80062572E+01  0.21145160E+02 -0.61693603E+00  0.55850248E+01 -0.30077321E+01 -0.68008844E+00  0.13956874E+03
     54.0000  0.19814219E+03  0.42197913E+01  0.16447281E+01 -0.24094120E+01  0.23450971E+01  0.72872487E+02  0.28971772E+02  0.49129123E+01  0.34411051E+00 -0.28747412E+02  0.72961587E+02  0.15904827E+00 -0.29628351E+01 -0.73114004E+01 -0.42147330E+01  0.19637665E+03
     55.0000  0.12366384E+04  0.13806307E+02 -0.16169319E+02 -0.17292297E+02  0.64700909E+00  0.86667330E+03  0.12442801E+03  0.11356091E+01 -0.81435776E+01 -0.12351511E+03  0.86608389E+03 -0.42837326E+01 -0.18222394E+02 -0.29109477E+02 -0.39268321E+01  0.12334204E+04
     56.0000  0.23234466E+03  0.62231917E+01 -0.64604082E+01  0.56462771E+01 -0.35373827E+01 -0.75582338E+02  0.89654380E+01 -0.21057543E+02  0.11302074E+02 -0.74241621E+01 -0.76899916E+02  0.12247110E+00  0.47763901E+01 -0.20557090E+02 -0.10082177E+01  0.22770641E+03
     57.0000  0.29522349E+03  0.81475393E+01 -0.15516540E+02  0.43877770E+01 -0.70695147E+01  0.19192137E+02  0.71342295E+01 -0.17873241E+02  0.58296071E+01 -0.62950071E+01  0.18364740E+02 -0.33649393E+00  0.35028504E+01 -0.11953382E+02 -0.24819374E+01  0.29143479E+03
     58.0000  0.43224843E+03  0.60774920E+01  0.68822344E+00 -0.97117582E+01  0.44698376E+01  0.25463957E+03  0.59642657E+02  0.57869669E+01 -0.37768552E+01 -0.59519151E+02  0.25443833E+03 -0.17129264E+01 -0.10385866E+02 -0.15141768E+02 -0.61969141E+01  0.42993821E+03
     59.0000  0.27368905E+03  0.38876349E+01 -0.35119287E+00 -0.12189243E+01  0.13520714E+00  0.15592052E+03  0.36563233E+02 -0.13587960E+01 -0.25690689E+01 -0.36435467E+02  0.15571651E+03 -0.13477253E+01 -0.14623265E+01 -0.56644688E+01  0.11252311E+01  0.27175122E+03
     60.0000  0.29457466E+03  0.30786959E+01 -0.77905356E+01  0.66503712E+01 -0.30805431E+01  0.15237063E+03  0.44053210E+02 -0.51095227E+01 -0.56984807E+01 -0.43912742E+02  0.15224730E+03 -0.81453497E+00  0.62832476E+01 -0.44212689E+01  0.15709680E+01  0.29248405E+03
     61.0000  0.13828502E+03  0.50828736E+01 -0.41561058E+01 -0.97657453E+00  0.14492982E+00 -0.30365985E+02  0.20791808E+02 -0.45249265E+01  0.31889575E+01 -0.20520901E+02 -0.30534790E+02  0.29620431E+01 -0.18723754E+01 -0.55870660E+01 -0.37287133E+01  0.13537266E+03
     62.0000  0.57714484E+03  0.16665825E+02 -0.15261727E+02 -0.16737695E+02 -0.52997748E+00  0.21049841E+03  0.83339838E+02 -0.67153870E+01  0.43187808E+01 -0.82567823E+02  0.20962092E+03 -0.16144890E+01 -0.17902158E+02 -0.25000640E+02  0.16297436E+01  0.57255764E+03
     63.0000  0.25960130E+03  0.68383853E+01 -0.72498869E+01  0.16623913E+02 -0.66126068E+01 -0.74667519E+02  0.32108839E+02 -0.25499789E+02  0.11808084E+02 -0.31065303E+02 -0.76045275E+02  0.60681274E+00  0.15343148E+02 -0.23624488E+02  0.23692523E+01  0.25407178E+03
     64.0000  0.29984332E+03  0.12116563E+02 -0.15961600E+02  0.32141743E+02 -0.99399241E+01 -0.10886888E+03 -0.60733543E+01 -0.23207855E+02  0.14073465E+02  0.68298057E+01 -0.10970500E+03  0.41585326E+01  0.30707556E+02 -0.17353682E+02 -0.29047553E+01  0.29513272E+03
     65.0000  0.40613788E+03  0.87035391E+01 -0.26425858E+01 -0.41054752E+02  0.42937415E+01  0.12598987E+03  0.77237128E+02  0.77274012E+01 -0.12417578E+01 -0.76915586E+02  0.12604480E+03 -0.25129087E+01 -0.42296765E+02 -0.21182859E+02 -0.92353977E+01  0.40289909E+03
     66.0000  0.54562432E+03  0.10737514E+02 -0.12719493E+02 -0.21695044E+01 -0.15303190E+01  0.28828606E+03  0.11819920E+03  0.23221290E+00 -0.14103830E+02 -0.11809187E+03  0.28863740E+03 -0.67361016E+01 -0.27903729E+01 -0.12913771E+02 -0.31915255E+00  0.54324281E+03
     67.0000  0.11330728E+03  0.12100948E+01  0.88337521E+00  0.12476234E+02 -0.18440145E+00 -0.30813981E+02 -0.64897288E+00 -0.28640435E+01 -0.30424307E+00  0.79474047E+00 -0.30630758E+02 -0.14199884E+01  0.12258717E+02 -0.48688875E+01  0.17604410E+01  0.11111634E+03
     68.0000  0.13583488E+03  0.10047621E+01  0.14929186E+01 -0.17521357E+02 -0.44131580E-01 -0.46563667E+02 -0.11143905E+01  0.31018567E+01 -0.14381568E+01  0.14561357E+01 -0.46473428E+02  0.11350535E+01 -0.18023633E+02 -0.42227636E+01 -0.13912711E+01  0.13339523E+03
     69.0000  0.71401354E+03  0.12808762E+02 -0.14206942E+02 -0.38847635E+02  0.27591269E-01  0.29221264E+03  0.48555174E+02 -0.10996400E+01 -0.17153464E+02 -0.48072171E+02  0.29225770E+03 -0.10750589E+02 -0.39979280E+02 -0.26232074E+02 -0.97741746E+01  0.71071547E+03
     70.0000  0.59462312E+03  0.13704126E+02 -0.29925533E+02  0.67427198E+02 -0.17427836E+02  0.15303473E+03  0.76310376E+02 -0.25115742E+02  0.13397332E+00 -0.76000617E+02  0.15273731E+03 -0.19710270E+01  0.65933910E+02 -0.13457458E+02  0.38183590E+01  0.58987993E+03
     71.0000  0.29270327E+03  0.17236809E+02 -0.19349140E+02 -0.22546096E+01 -0.82074100E+01 -0.20048927E+03 -0.47855945E+02 -0.20387404E+02  0.20180596E+02  0.47685534E+02 -0.20138742E+03  0.14507758E+02 -0.37137475E+01 -0.27799661E+02 -0.23113174E+01  0.28653056E+03
     72.0000  0.26602742E+03  0.20593581E+02 -0.21356139E+02 -0.62157468E+02 -0.11536998E+01 -0.14734255E+03  0.24900078E+02 -0.24937790E+02  0.16729887E+02 -0.25499683E+02 -0.14865504E+03  0.89983335E+01 -0.63527092E+02 -0.20219739E+02  0.19584666E+02  0.25910378E+03
     73.0000  0.31777361E+03  0.59983254E+01 -0.90122244E+01  0.63866654E+02 -0.16287690E+02 -0.10219365E+03  0.21804109E+02 -0.32242133E+02  0.14681411E+02 -0.22430557E+02 -0.10340461E+03  0.26753079E+01  0.62369827E+02 -0.29762659E+02  0.76890180E+01  0.31092470E+03
     74.0000  0.29597390E+03  0.14888679E+02 -0.18263296E+02  0.35434816E+02 -0.11523989E+02 -0.19978269E+03 -0.35661513E+02 -0.19638836E+02  0.18725788E+02  0.35400928E+02 -0.20047263E+03  0.21215083E+02  0.33699932E+02 -0.20363032E+02  0.42542438E+01  0.28970618E+03
     75.0000  0.45473543E+03  0.66852982E+01 -0.71556864E+01 -0.10466045E+03  0.91043149E+01 -0.40494661E+01  0.21994916E+02 -0.13889070E+01 -0.48981868E+01 -0.21818539E+02 -0.41594597E+01 -0.48980269E+01 -0.10642816E+03 -0.25161960E+02 -0.34742620E+01  0.44917876E+03
     76.0000  0.56437438E+03  0.14786363E+02 -0.26637809E+02  0.43503877E+02 -0.19132354E+02  0.98524128E+02  0.23393561E+02 -0.16537621E+02 -0.95841282E+01 -0.23014257E+02  0.98758196E+02 -0.11933833E+02  0.42096167E+02 -0.18884432E+02 -0.23363732E+01  0.55946768E+03
     77.0000  0.14872148E+03  0.25916346E+01 -0.89504741E+01  0.37302129E+02 -0.76101456E+01 -0.50747846E+02  0.34985754E+02 -0.64226204E+01  0.39847240E+01 -0.34689244E+02 -0.50469833E+02  0.12324525E+02  0.36548556E+02  0.16267861E+01  0.52170474E+01  0.14435352E+03
     78.0000  0.15547328E+03  0.37034854E+01  0.15250294E+01 -0.35590993E+02  0.74345416E+01 -0.18594511E+02  0.15136719E+02 -0.20133715E+01 -0.13969483E+01 -0.15032829E+02 -0.18460480E+02  0.13994054E+01 -0.35686126E+02 -0.69674719E+01  0.31900311E+01  0.15149259E+03
     79.0000  0.14867730E+03 -0.15128512E+01  0.27013126E+01  0.50847829E+01 -0.83930265E+00  0.22698668E+02  0.26108966E+02 -0.12312782E+01  0.10006367E+01 -0.26084589E+02  0.22651798E+02 -0.38271229E+01  0.53713985E+01 -0.68754209E+01  0.12049367E+02  0.14485810E+03
     80.0000  0.10084146E+03 -0.47471590E+01  0.48439315E+00  0.13011415E+02 -0.52171492E+01 -0.40324427E+02 -0.70021160E+01 -0.15217671E+01 -0.31953607E+01  0.71797161E+01 -0.40493169E+02  0.57353073E+01  0.13271955E+02 -0.76665782E+01  0.43998792E+01  0.96895194E+02
     81.0000  0.13001239E+03  0.24291322E+01  0.12311981E+01 -0.20970967E+02  0.62980247E+01 -0.29681497E+02  0.88440073E+01 -0.46909891E+01 -0.45521882E+00 -0.82972523E+01 -0.29889056E+02  0.36459790E+01 -0.21103896E+02 -0.51548498E+01  0.47756541E+01  0.12565317E+03
     82.0000  0.27470866E+03  0.23904875E+01 -0.72165826E+01  0.26142201E+01 -0.95475927E+01  0.55406359E+01  0.37197373E+02 -0.51965975E+01 -0.12870922E+01 -0.36162586E+02  0.53579986E+01 -0.11864615E+02  0.18690168E+01 -0.10738901E+02  0.73443839E+01  0.26972726E+03
     83.0000  0.17765267E+03 -0.57894086E+00 -0.13778849E+02  0.36514994E+02 -0.19193633E+02 -0.40560197E+02  0.39844964E+02 -0.85728832E+01  0.42495434E+01 -0.38304981E+02 -0.40682970E+02  0.13145333E+02  0.35111906E+02  0.52514252E+01  0.92075997E+01  0.17195734E+03
     84.0000  0.20103040E+03 -0.59743317E+01  0.31866554E+01 -0.39978453E+02  0.95055582E+01 -0.47941719E+02  0.53119814E+02 -0.12784939E+01  0.31405070E+01 -0.51117906E+02 -0.47988438E+02  0.21752064E+01 -0.41944633E+02 -0.21083660E+00  0.22320379E+01  0.19464413E+03
     85.0000  0.37829002E+03  0.44201360E+01 -0.17030044E+02 -0.24376840E+01 -0.22822607E+02 -0.68275687E+02  0.51513523E+02 -0.10471178E+02 -0.47425251E+01 -0.49107688E+02 -0.68233243E+02 -0.23708629E+02 -0.47820024E+01 -0.15177041E+02 -0.19830435E+01  0.37131850E+03
     86.0000  0.24543779E+03  0.23273609E+01 -0.24674522E+02  0.48180231E+02 -0.33830401E+02 -0.64487365E+02  0.68556650E+02 -0.15975288E+02  0.71821598E+01 -0.65799888E+02 -0.64330134E+02  0.19578535E+02  0.45696458E+02  0.11688532E+02  0.11505860E+02  0.23802786E+03
     87.0000  0.23591298E+03 -0.11006558E+02  0.48548112E+00 -0.38591860E+02  0.10005047E+02 -0.63311664E+02  0.77646936E+02 -0.47827423E+01  0.60897465E+01 -0.74607978E+02 -0.62988376E+02  0.63087218E+01 -0.40929068E+02  0.77283278E+01  0.19409100E+01  0.22820961E+03
     88.0000  0.31225460E+03  0.43253124E+01 -0.13636169E+02 -0.83956675E+01 -0.26431199E+02 -0.10032318E+03  0.64486966E+02 -0.93273841E+01 -0.34837013E+01 -0.61307410E+02 -0.99764180E+02 -0.28146831E+02 -0.10223707E+02 -0.11080086E+02 -0.63709256E+01  0.30433796E+03
     89.0000  0.23482244E+03  0.36821076E+01 -0.22935157E+02  0.45141883E+02 -0.39415988E+02 -0.50795790E+02  0.89831954E+02 -0.13067674E+02  0.18592030E+01 -0.86696949E+02 -0.49959923E+02  0.24266268E+02  0.44260459E+02  0.80303855E+01  0.84623065E+01  0.22657007E+03
     90.0000  0.19009110E+03 -0.30628076E+01  0.39645290E+01 -0.12732417E+02  0.22826366E+02 -0.15221375E+02  0.86840059E+02 -0.16569469E+01 -0.88460783E+00 -0.83720083E+02 -0.14028740E+02 -0.22531413E+01 -0.13005872E+02 -0.71173197E+00 -0.75565388E+00  0.18123098E+03
     91.0000  0.25997685E+03  0.52795729E+00 -0.12428449E+02 -0.16384860E+02 -0.20569833E+02 -0.75369875E+02  0.71906727E+02 -0.79024225E+01 -0.20087066E+00 -0.69788827E+02 -0.74151533E+02 -0.40694890E+02 -0.17875779E+02 -0.13068928E+02 -0.15335474E+02  0.25145145E+03
     92.0000  0.21276019E+03  0.37161527E+01 -0.16798843E+02  0.85586495E+02 -0.34221526E+02 -0.27917764E+02  0.79594060E+02 -0.11334686E+02  0.31435167E+01 -0.77176365E+02 -0.26413195E+02  0.85561664E+01  0.83258782E+02  0.12313980E+02 -0.56455184E+01  0.20420317E+03
     93.0000  0.18065610E+03 -0.11504349E+02  0.10514801E+02 -0.58344571E+02  0.15333761E+02  0.37141452E+01  0.78898983E+02 -0.82044620E+01  0.61231098E+01 -0.76185529E+02  0.55107942E+01 -0.36373478E+01 -0.61049234E+02  0.50472217E+01 -0.86461634E+01  0.17181539E+03
     94.0000  0.26402870E+03 -0.18486214E+00 -0.70531268E+01 -0.32838832E+02 -0.19742936E+02 -0.63421076E+02  0.72173641E+02 -0.78885510E+01 -0.69558585E-01 -0.69398580E+02 -0.61432969E+02 -0.42151091E+02 -0.35694457E+02 -0.17243677E+02 -0.17305377E+02  0.25489013E+03
     95.0000  0.19864385E+03  0.10517370E+01 -0.18575175E+02  0.83053430E+02 -0.35392923E+02 -0.12139151E+02  0.65353713E+02 -0.15444964E+02  0.14586386E+01 -0.62723144E+02 -0.10077697E+02  0.40718941E+01  0.80247045E+02  0.68791923E+01 -0.23971941E+00  0.18939324E+03
     96.0000  0.13869487E+03 -0.10744239E+02  0.62998166E+01 -0.36632426E+02  0.87506860E+01  0.22573512E+02  0.43967610E+02 -0.10768016E+02  0.62401642E+01 -0.41670973E+02  0.24608245E+02 -0.56717391E+01 -0.39119268E+02  0.60615259E+01 -0.60672313E+01  0.12968788E+03
     97.0000  0.23524320E+03  0.39899099E+01 -0.21036112E+01 -0.25873410E+02 -0.17996957E+02 -0.32385218E+02  0.79190227E+02 -0.75903335E+01  0.86176732E+00 -0.77402358E+02 -0.30427091E+02 -0.32989723E+02 -0.27702663E+02 -0.12108977E+02 -0.74422626E+01  0.22693901E+03
     98.0000  0.16543246E+03 -0.12148212E+01 -0.83074760E+01  0.38203902E+02 -0.23749933E+02 -0.29606707E+01  0.46428925E+02 -0.71669239E+01  0.25402179E+00 -0.45272152E+02 -0.10575092E+01  0.21215838E+01  0.37341820E+02 -0.21689612E+01  0.89279622E+01  0.15825117E+03
     99.0000  0.96207554E+02 -0.57724568E+01 -0.98079815E+00 -0.93345115E+01  0.52102314E+01  0.68648914E+00 -0.40600829E+01 -0.60500270E+01 -0.27804786E+01  0.45846353E+01  0.26118995E+01 -0.31290472E+01 -0.91307527E+01 -0.12686434E+01 -0.27701038E+01  0.90296825E+02
    100.0000  0.17607415E+03  0.12299428E+02  0.37652212E+01 -0.72766142E+01 -0.78431774E+01  0.85457013E+01  0.63322804E+02 -0.75399353E+01  0.21591695E+01 -0.63243974E+02  0.10550855E+02 -0.15264701E+02 -0.63201737E+01 -0.16265126E+01  0.46071162E+01  0.17103693E+03
    101.0000  0.14418316E+03 -0.83307829E+00  0.28044743E+01  0.44499955E+01 -0.12932207E+02  0.21413541E+01  0.34324981E+02  0.38849790E+00  0.66046320E+00 -0.34313892E+02  0.41572963E+01  0.24859418E+01  0.53686033E+01 -0.78812591E+01  0.16711979E+02  0.13891726E+03
    102.0000  0.90763369E+02 -0.58543969E+01 -0.22049892E+01 -0.13571003E+01  0.40372555E+01  0.15342405E+02 -0.13742305E+02 -0.85569370E+01 -0.62138472E+01  0.14131559E+02  0.17154982E+02 -0.12236948E+01 -0.14860783E+01  0.24578883E+01 -0.12052593E+01  0.83633483E+02
    103.0000  0.18657501E+03  0.42482362E+01  0.60110274E+01 -0.98910465E+01 -0.13181298E+02 -0.27728717E+02  0.47626365E+02 -0.13576716E+02 -0.10696964E+01 -0.46600571E+02 -0.26237647E+02 -0.30106085E+02 -0.11660899E+02 -0.26139695E+01 -0.88184921E+01  0.17605637E+03
    104.0000  0.19550860E+03  0.71051267E+01 -0.13673871E+02  0.20854929E+02 -0.40835383E+02 -0.25028551E+02  0.37777411E+02 -0.12802549E+02 -0.76839900E+01 -0.36297454E+02 -0.23355074E+02 -0.51169541E+01  0.17981226E+02 -0.40956696E+01 -0.37819917E+01  0.18111144E+03
    105.0000  0.15845128E+03 -0.11743243E+02 -0.11822149E+02  0.23929719E+01  0.41663951E+01  0.91183728E+02 -0.25943426E+02 -0.23328000E+02 -0.17216173E+02  0.27268255E+02  0.94569387E+02  0.42589752E+01  0.19996081E+00  0.14058154E+02 -0.36336607E+01  0.14127156E+03
    106.0000  0.20144471E+03 -0.92865620E+00  0.12388278E+02 -0.20718431E+02 -0.66137775E+00  0.23287164E+02  0.57865832E+01 -0.34661945E+02  0.96494365E+01 -0.51849948E+01  0.30406078E+02 -0.35110960E+02 -0.20255590E+02  0.19332606E+02 -0.20593968E+02  0.18356532E+03
    107.0000  0.19089213E+03  0.31478090E+01  0.35149925E+02  0.82663921E+01 -0.18777941E+02  0.45131043E+02  0.75928049E+01  0.24977523E+02  0.25440492E+02 -0.75590558E+01  0.56616230E+02  0.12675497E+01  0.11704326E+02 -0.23623929E+02  0.16676340E+02  0.17365003E+03
    108.0000  0.20890653E+03 -0.31947217E+02 -0.24444408E+02  0.17287871E+01  0.20243747E+02  0.53848475E+02 -0.56683382E+02  0.16148080E+02 -0.40873782E+02  0.57173795E+02  0.67013261E+02  0.12389213E+02  0.58600513E+01 -0.28527263E+02 -0.15382920E+01  0.19154697E+03
    109.0000  0.18405933E+03  0.25946870E+01  0.34921388E+00 -0.11809066E+02  0.76769669E+01  0.39758985E+02 -0.32564282E+01 -0.40213966E+02 -0.14922840E+01  0.51207874E+01  0.49462078E+02 -0.24756418E+02 -0.10244766E+02  0.23012007E+02 -0.23130975E+02  0.16484823E+03
    110.0000  0.17251500E+03  0.73802723E+01  0.13410577E+01  0.54413502E+01 -0.32227850E+02 -0.26080005E+02  0.54618858E+02 -0.46271983E+01  0.95126065E+01 -0.51957247E+02 -0.22753565E+02 -0.12118262E+02  0.35251289E+01 -0.10781401E+02 -0.77078592E+01  0.15205693E+03
    111.0000  0.11188855E+03  0.43035997E+01 -0.12073768E+02  0.68374120E+01 -0.10331037E+02  0.34117779E+02  0.80775120E+01 -0.14028420E+02 -0.12671463E+02 -0.65316406E+01  0.34212021E+02  0.79974782E+01  0.40892091E+01  0.11082647E+02 -0.56534144E+01  0.94507695E+02
    112.0000  0.78573886E+02  0.14770145E+01  0.27646331E+01  0.45175779E+01  0.27646118E+00  0.53879586E+01  0.15805576E+02 -0.82885265E+01 -0.21902532E+01 -0.16202948E+02  0.76647519E+01 -0.50946063E+01  0.38230728E+01  0.40558689E+01 -0.56951676E+01  0.67923898E+02
    113.0000  0.90087930E+02  0.11529226E+02  0.46747208E+01  0.16134350E+01 -0.55503619E+01 -0.13281386E+02  0.51234240E+02 -0.45557549E+00 -0.18727304E+01 -0.51539596E+02 -0.95466139E+01  0.14002945E+01  0.20729793E+01  0.16923549E+01  0.59836905E+00  0.82840132E+02
    114.0000  0.89112636E+02  0.32378720E+01 -0.66921141E+01 -0.34931566E+01 -0.10129381E+02 -0.43954903E+01  0.14755169E+02 -0.70538272E+01 -0.70292206E+01 -0.12564755E+02 -0.46241727E+01  0.76798030E+01 -0.48462848E+01  0.20045404E+01 -0.24784524E+01  0.76510091E+02
    115.0000  0.11361085E+03  0.27843156E+01 -0.40519129E+01  0.90230087E+00  0.35925389E+01  0.48640887E+02 -0.60952384E+01 -0.20588825E+02 -0.17399249E+02  0.93487034E+01  0.47859144E+02 -0.56127031E+01 -0.16692304E+01  0.10746933E+02 -0.12853297E+02  0.91498467E+02
    116.0000  0.13845341E+03  0.81645134E+01  0.19220524E+02  0.40838120E+01 -0.10856092E+02  0.61582391E+01  0.28406133E+02 -0.29444018E+02  0.14920085E+02 -0.27746345E+02  0.17489916E+02 -0.19450019E+02  0.40379365E+01  0.15360880E+02 -0.12086708E+02  0.11123236E+03
    117.0000  0.13693384E+03  0.32088053E+01  0.30822123E+02 -0.10313082E+02 -0.78025027E+01  0.31081158E+02  0.24677045E+02  0.38967463E+02  0.21343057E+02 -0.25932604E+02  0.52900887E+02  0.88535656E+01 -0.79982288E+01 -0.37037361E+02  0.98440838E+01  0.10879791E+03
    118.0000  0.16305155E+03 -0.54949998E+01 -0.27058291E+02 -0.10072406E+01  0.94233292E+01  0.57927440E+02  0.23527204E+02  0.54621152E+01 -0.37281431E+02 -0.22248576E+02  0.69481091E+02  0.54677485E+01 -0.68000693E+00 -0.10253374E+02 -0.85526963E+01  0.13423881E+03
    119.0000  0.11121688E+03  0.79439612E+01  0.36685715E+01 -0.25384883E+01 -0.18272173E+01  0.13068064E+02  0.18098014E+02 -0.29087771E+02 -0.94502850E+01 -0.14695419E+02  0.10118286E+02 -0.18392856E+02 -0.43502058E+01  0.31849950E+01 -0.11075485E+02  0.87095135E+02
    120.0000  0.74145958E+02  0.79720478E+01  0.49822198E+01 -0.48247504E+00 -0.90797707E+01 -0.13275502E+02  0.31239997E+02 -0.57552023E+01  0.18484703E+01 -0.30240102E+02 -0.12080150E+02 -0.32583334E+01 -0.74181049E+00 -0.65869842E+01  0.32766328E+00  0.61277128E+02
    121.0000  0.62923598E+02  0.26630716E+01 -0.14221693E+01 -0.58689798E+01 -0.79417982E-01  0.52406253E+01  0.10264985E+02  0.20485218E+01 -0.54890644E+01 -0.10151175E+02  0.78672109E+01  0.46703722E+01 -0.57616965E+01 -0.83558416E+01  0.26783999E+01  0.51369930E+02
    122.0000  0.92724481E+02  0.72233889E+01 -0.31329178E+01  0.20025929E+00  0.40967209E+01  0.32484178E+02 -0.26617304E+01 -0.19185905E+02 -0.17970933E+02  0.54328359E+01  0.25634948E+02 -0.43177128E+01 -0.16507406E+01  0.56537409E+01 -0.92829922E+01  0.67445814E+02
    123.0000  0.11320284E+03  0.10602984E+02  0.17085155E+02  0.20596446E+01 -0.12137893E+02  0.69874283E+01  0.18329184E+02 -0.33034492E+02  0.12988433E+02 -0.17454578E+02  0.18103870E+02 -0.15034940E+02  0.18095260E+01  0.98248391E+01 -0.86733714E+01  0.78287309E+02
    124.0000  0.11113950E+03  0.69035743E+01  0.33263175E+02 -0.82595367E+01 -0.62708633E+01  0.15825165E+02  0.23913987E+02  0.37409453E+02  0.25040326E+02 -0.26482547E+02  0.47713842E+02  0.63252338E+01 -0.66648322E+01 -0.35524437E+02  0.55897697E+01  0.73002662E+02
    125.0000  0.13111813E+03  0.56644101E+01 -0.22594663E+02 -0.70816273E+00 -0.12791775E+00  0.45176477E+02  0.28974782E+02  0.66918194E+01 -0.29378724E+02 -0.27705769E+02  0.50483938E+02  0.51820825E+01 -0.17588766E+01 -0.55994168E+01 -0.97617147E+01  0.90064757E+02
    126.0000  0.72454228E+02  0.91049083E+01  0.27270398E+01  0.12638451E+01  0.28591070E+01  0.10323214E+02  0.84628318E+01 -0.14590181E+02 -0.99329706E+01 -0.52922047E+01  0.30155173E+01 -0.58175089E+01  0.15525672E+00  0.99528113E+00 -0.88091724E+01  0.45201398E+02
    127.0000  0.49314096E+02  0.90388143E+01  0.69566152E+01  0.17359123E+01 -0.27389743E+01 -0.81928924E+01  0.20088012E+02  0.25508762E+01 -0.12649582E+01 -0.20789048E+02 -0.17941709E+01 -0.37900140E+00  0.23130367E+01  0.33809313E+01 -0.96144972E+00  0.34646195E+02
    128.0000  0.77256214E+02  0.90604471E+01 -0.13900993E+02  0.26703344E+01 -0.83807601E+01  0.45592606E-01  0.12319275E+02 -0.22691670E+01 -0.66529802E+01 -0.11661533E+02 -0.12095529E+02  0.19827248E+01  0.11208516E+01 -0.49464367E+00 -0.73809120E+01  0.42688760E+02
    129.0000  0.14535824E+03  0.26938994E+01 -0.26928941E+02  0.40974178E+00  0.52879445E+01  0.29170982E+02  0.35435777E+02  0.19471012E+01 -0.37542929E+02 -0.34876844E+02  0.41203114E+02  0.14095557E+01 -0.64143292E-01 -0.43477467E+01 -0.95187618E+01  0.94256193E+02
    130.0000  0.14469326E+03  0.80520262E+01 -0.79139190E+01  0.27139680E+01 -0.29222083E+01  0.15029188E+02  0.47597699E+02 -0.41777988E+02 -0.14409811E+02 -0.51671147E+02  0.54989981E+02 -0.13687518E+02  0.36470839E+01  0.34050967E+02 -0.12103203E+02  0.88953454E+02
    131.0000  0.89366167E+02  0.86631613E+01  0.72206299E+01 -0.47672546E+00 -0.14945254E+02 -0.84376288E+00  0.16058188E+02 -0.16989002E+02  0.16460832E+02 -0.18443459E+02 -0.12142541E+02 -0.41712719E+01 -0.20807375E+01 -0.12405610E+02 -0.11528130E+02  0.31568367E+02
    132.0000  0.58489357E+02  0.68934723E+01 -0.17329512E+01  0.12578798E+01 -0.11171042E+01  0.92038758E+00  0.11794399E+02  0.41254897E+01 -0.15921196E+01 -0.12289601E+02 -0.17165138E+00  0.51955808E+01  0.11911520E+01 -0.89391930E+01  0.20413879E+01  0.30988059E+02
    133.0000  0.68566415E+02  0.27267763E+01 -0.49497046E+01  0.68103708E+00  0.55137583E+01  0.10077018E+02  0.11338289E+01 -0.33519781E+01 -0.12542095E+02 -0.17290922E+01  0.38567969E+01  0.69175728E+00  0.33722427E+00  0.71411459E+00 -0.11856723E+01  0.36279252E+02
    134.0000  0.11428788E+03  0.61651103E+01 -0.27702915E+01 -0.33236655E+01 -0.64047329E+01  0.31095694E+02  0.13140865E+02 -0.34104198E+02 -0.18289687E+02 -0.16960406E+02  0.17704666E+02 -0.12744968E+02 -0.49248757E+01  0.17308608E+02 -0.38109553E+01  0.43641764E+02
    135.0000  0.93293252E+02  0.17335846E+02  0.39231413E+02  0.45910432E+00 -0.14136985E+02 -0.17445276E+02  0.76794993E+01 -0.15443878E+02  0.35565446E+02 -0.12646462E+02  0.40928607E+02 -0.35670276E+01  0.12585106E+01  0.17911382E+02 -0.21806993E+01  0.21765542E+02
    136.0000  0.97164864E+02  0.96550900E+01 -0.96298852E+01  0.28623578E+01 -0.12028158E+02  0.29053276E+01  0.15053072E+02  0.12412509E+02  0.72879321E+01 -0.13504672E+02 -0.81316763E+01  0.56505716E+01  0.21977819E+01 -0.19127162E+02 -0.63424325E+01  0.18816421E+02
    137.0000  0.59027899E+02  0.63259321E+01 -0.24244895E+01 -0.11165064E+01  0.41951831E+01  0.95668737E+01  0.29714054E+01  0.15431460E+01 -0.74710106E+01 -0.48530444E+01  0.12138447E+01  0.94785760E+00 -0.10301847E+01  0.38005742E+01  0.27555438E+00  0.14705607E+02
    138.0000  0.56637646E+02  0.57216172E+01  0.19694834E+01  0.34802181E+00  0.43511121E+01  0.44939071E+01  0.24692089E+01 -0.48501735E+01 -0.86857421E+01  0.11374456E+01 -0.45909261E+01 -0.52503751E+00  0.97438753E+00  0.12163141E+01 -0.65489219E+01  0.15002255E+02
    139.0000  0.10232731E+03  0.11606594E+02  0.72385917E+01  0.10820732E+01 -0.67534378E+01  0.65682402E+01  0.16226220E+02 -0.32785375E+02  0.15381919E+01 -0.14545082E+02  0.35081612E+01 -0.60770733E+01  0.33952355E+00  0.10457752E+02 -0.35907989E+01  0.80419745E+01
    140.0000  0.92623002E+02  0.13206905E+02  0.42268770E+02 -0.61712586E+00 -0.99148832E+01 -0.26149918E+02  0.56894148E+01  0.12647267E+02  0.37368471E+02 -0.10695771E+02  0.43564984E+02  0.14360952E+01 -0.60872705E+00 -0.12643871E+02  0.11221094E+01 -0.10564822E+02
    141.0000  0.89593007E+02  0.90747985E+01 -0.21359965E+02  0.36460125E+01 -0.90311206E+01  0.18927633E+02  0.12556586E+02  0.10155857E+02 -0.30430612E+01 -0.71442757E+01 -0.12432536E+02  0.83030307E+01  0.40461183E+01 -0.13487671E+02 -0.10701047E+02  0.23835206E+01
    142.0000  0.53668153E+02  0.37814306E+01 -0.76908009E+00 -0.77124139E+00  0.37245675E+01 -0.23446097E+01  0.81565587E+01  0.99093110E-01 -0.77297837E+01 -0.94626738E+01  0.12730395E+02  0.22729251E+01 -0.66707924E-01 -0.48870405E+01  0.26536011E+00  0.13977982E+02
    143.0000  0.90274037E+02  0.15099005E+02 -0.21683286E+01 -0.27347537E+01  0.27809814E+01  0.32995305E+02  0.25536879E+01 -0.26206794E+02 -0.23480408E+02  0.27074212E+01 -0.14224029E+02  0.31124414E+01 -0.21618493E+01  0.31053479E+01 -0.66871243E+01 -0.44773957E+01
    144.0000  0.11364472E+03  0.14104489E+02  0.23614849E+02  0.16064366E+01 -0.89523594E+01 -0.33243045E+02  0.16046578E+02 -0.38345397E+02  0.19115045E+02 -0.20827539E+02  0.59167087E+02 -0.70215717E+00  0.17212400E+01  0.31188704E+02 -0.24116798E+00 -0.14566361E+02
    145.0000  0.10773767E+03  0.10288233E+02  0.87510118E+01 -0.16151319E+00 -0.83963603E+01 -0.81312266E+00  0.95294499E+01 -0.30799129E+01  0.23710097E+02 -0.74871710E+01 -0.42133089E+01 -0.59856193E+00  0.19520835E+00 -0.17487559E+02 -0.42519435E+01 -0.41811871E+02
    146.0000  0.60261159E+02  0.36987418E+01 -0.85212797E+00 -0.18783107E+01 -0.16944887E+01  0.29803056E+01  0.70160447E+01  0.36358142E+01 -0.16463469E+01 -0.34794319E+01 -0.38081069E+01  0.57040958E+01 -0.81761629E-01 -0.12157220E+01  0.20786646E+00 -0.12135291E+02
    147.0000  0.82421844E+02  0.94719678E+01 -0.69652884E+01 -0.11905608E+00  0.16099995E+01  0.29988770E+02 -0.24921867E+01  0.37715175E+01 -0.99568999E+01  0.43042852E+01 -0.22301077E+02 -0.16751087E+01  0.12712970E+01  0.88228364E+01 -0.82233256E+00 -0.26819651E+02
    148.0000  0.16978507E+03  0.14518643E+02 -0.30833198E+02 -0.81266837E+00 -0.16387231E+01 -0.88978267E+01  0.37885120E+02 -0.20881525E+02 -0.44528462E+02 -0.37641313E+02  0.45420681E+02 -0.10748462E+01 -0.92891376E-01  0.15672333E+02 -0.88118002E+01 -0.22726552E+02
    149.0000  0.16613945E+03  0.13832844E+02  0.60227456E+01 -0.21433279E+01 -0.11833623E+02 -0.92200758E+01  0.19787595E+02 -0.50808583E+02 -0.13259479E+02 -0.26733575E+02  0.34991741E+02 -0.16670340E+01 -0.15524724E+01  0.29200297E+02 -0.30968297E+01 -0.60590554E+02
    150.0000  0.91472827E+02  0.83937618E+01  0.65227406E+01 -0.25254197E+01 -0.23400695E+01  0.26647113E+02  0.33137276E+01 -0.20537300E+02  0.48949088E+01 -0.42329653E+01 -0.27728905E+02  0.32309092E+01 -0.20369853E+00 -0.12507049E+02 -0.56092006E+01 -0.49456730E+02
    151.0000  0.93979910E+02  0.78470583E+01 -0.39576839E+00 -0.39768986E+00 -0.33407256E+01  0.30992342E+02  0.53047024E+01 -0.28865913E+01  0.60875371E+01 -0.62885740E+01 -0.30919393E+02  0.32954970E+01  0.20767290E+01 -0.98724483E+01 -0.15002602E+01 -0.55023685E+02
    152.0000  0.19045500E+03  0.22210542E+02 -0.15977971E+02  0.18037185E+01 -0.30881338E+01 -0.86066724E+01  0.10134811E+02  0.40712477E+02 -0.51055854E+01 -0.20302673E+02  0.25874627E+02  0.14648978E+01  0.29200419E+01 -0.33929141E+02 -0.23929937E+01 -0.10733208E+03
    153.0000  0.21999132E+03  0.13818193E+02 -0.36650687E+02 -0.15869748E+00 -0.33843519E+01 -0.32281200E+02  0.34842100E+02  0.28121513E+02 -0.43176641E+02 -0.34116978E+02  0.58408413E+02  0.96000517E+01  0.24348613E+01 -0.20027830E+02 -0.66370187E+01 -0.10129894E+03
    154.0000  0.13942791E+03  0.10565325E+02  0.37593079E+01 -0.21223333E+01  0.35510372E+01  0.56605948E+02  0.12038556E+01  0.25513902E+01 -0.15490135E+02 -0.70179016E+00 -0.48439295E+02 -0.64762222E-01  0.20593728E+01  0.10765614E+02 -0.84985291E+00 -0.94667508E+02
    155.0000  0.12459307E+03  0.10355384E+02  0.34042870E+01 -0.36843846E+01  0.56593922E+01  0.41242513E+02  0.73617551E+01 -0.62702241E+01 -0.10494658E+02  0.70323232E+01 -0.42771800E+02 -0.58370298E+00  0.34795370E+01 -0.74718763E+00 -0.67730472E+01 -0.85500882E+02
    156.0000  0.26687151E+03  0.17912396E+02  0.14582811E+02 -0.78137808E-01 -0.95121778E+01 -0.48188859E+02  0.11713492E+02 -0.45914961E+02  0.51513173E+01 -0.12530506E+02  0.61024384E+02  0.39219208E+01  0.14810259E+01  0.34999849E+02  0.42524424E+01 -0.20266876E+03
    157.0000  0.26689343E+03  0.21014982E+02  0.27317522E+02 -0.40359675E+01 -0.87129398E+01 -0.28323760E+02  0.70099816E+01 -0.32330907E+02  0.32991814E+02  0.71692597E+00  0.28399761E+02  0.24035319E+01  0.29084902E+01 -0.52054819E+01  0.73773324E+00 -0.22579637E+03
    158.0000  0.13937500E+03  0.50580444E+01  0.65522057E+01 -0.36258492E+01  0.65762859E+01  0.10359050E+02  0.20762192E+01 -0.64091345E+01  0.12031707E+02 -0.88440969E+00 -0.95077171E+01  0.37944239E+01  0.40820613E+01 -0.15948955E+02 -0.30036233E+01 -0.11393865E+03
    159.0000  0.24144224E+03  0.32234395E+01 -0.22713411E+02 -0.58609731E+01 -0.10764599E+02  0.12676155E+03  0.91019997E+01 -0.19356011E+00  0.68208542E+01  0.65880346E+01 -0.12675874E+03  0.88754213E+01  0.91167524E+01 -0.19605026E+02 -0.13096709E+02 -0.20902457E+03
    160.0000  0.38141048E+03  0.24054285E+02 -0.28546837E+02 -0.12200145E+01 -0.16437809E+02 -0.24889661E+03  0.16198372E+02  0.55744498E+02 -0.35729531E+02 -0.27532034E+02  0.27107294E+03  0.15271218E+01  0.10651666E+01 -0.60365655E+02 -0.28833132E+01 -0.30652182E+03
    161.0000  0.46566007E+03  0.30155614E+02 -0.43628740E+02 -0.85471679E+01 -0.11537299E+02  0.14501540E+03  0.24850909E+02  0.23482298E+02 -0.51040175E+02  0.35913709E+01 -0.13134246E+03  0.18463745E+02  0.96649809E+01  0.53161837E+01 -0.20302225E+02 -0.41164917E+03
    162.0000  0.18273834E+03  0.12279519E+00  0.13112869E+02 -0.51672869E+01  0.11743659E+02 -0.80446364E+02  0.62684191E+01  0.64116398E+01  0.51976942E+01 -0.10751020E+01  0.81509691E+02 -0.96452272E+00  0.52069372E+01  0.20199591E+01  0.25546358E+00 -0.15590110E+03
    163.0000  0.60257093E+03  0.24569128E+02 -0.13834646E+02 -0.16072530E+02 -0.79944714E+01  0.31238117E+03  0.20791088E+02 -0.21153106E+02 -0.52974597E+02  0.23145992E+02 -0.30601944E+03  0.37668135E+01  0.14217970E+02  0.20264449E+02 -0.24971030E+01 -0.56205899E+03
    164.0000  0.77016431E+03  0.28028699E+02 -0.15777054E+02 -0.81624652E+00 -0.22853985E+02 -0.49369737E+03  0.14206459E+02 -0.76899380E+02 -0.27307478E+02 -0.27271827E+02  0.51049299E+03  0.14409656E+01  0.12031219E+00  0.69864763E+02 -0.17858605E+01 -0.70353466E+03
    165.0000  0.79208377E+03  0.12946815E+02  0.20347752E+02 -0.22653481E+02 -0.61429461E+01  0.43347104E+03  0.94642565E+01 -0.69980668E+02 -0.27415032E+02  0.72944980E+01 -0.43257256E+03  0.15583434E+02  0.19088387E+02 -0.13343984E+02 -0.41918071E+01 -0.76593828E+03
    166.0000  0.52875352E+03  0.12517149E+02  0.13680151E+02 -0.17090800E+02  0.44389953E+01  0.77027526E+02 -0.51860432E+01 -0.86854075E+01  0.43480002E+01 -0.85845557E+01 -0.75619926E+02 -0.20842869E+01  0.15974435E+02 -0.65455986E+01 -0.22650495E+01 -0.51175698E+03
    167.0000  0.14567568E+04  0.19602241E+02  0.36070872E+02 -0.23668042E+02 -0.21965014E+02  0.58934477E+02 -0.88180004E+01 -0.24242026E+02  0.47403732E+02 -0.14625400E+02 -0.59564573E+02  0.12103037E+02  0.22576988E+02  0.84321155E+01 -0.61376571E+01 -0.14334065E+04
    168.0000  0.18291046E+04  0.40850518E+02  0.36605378E+02 -0.23510329E+02 -0.25226995E+02 -0.30189011E+03  0.26720507E+02 -0.49736102E+01  0.57536900E+02  0.27247832E+02  0.30065173E+03  0.70304276E+01  0.23674845E+02 -0.38022551E+02  0.98425248E+01 -0.18095409E+04
    169.0000  0.13606957E+04  0.19689071E+02 -0.13898409E+02 -0.27681489E+02  0.16893310E+02  0.41519547E+03  0.18040637E+02 -0.99907124E+01  0.14052720E+02  0.18795292E+02 -0.41462143E+03  0.13279446E+02  0.27490346E+02 -0.13463983E+02 -0.73171576E+01 -0.13478338E+04
    170.0000  0.22328751E+04  0.10426215E+02 -0.36086080E+02 -0.88668302E+02 -0.16383721E+02  0.14082060E+04  0.13262053E+03  0.62769081E+01  0.16244284E+01  0.13137868E+03 -0.14096984E+04  0.76440538E+00  0.89294568E+02 -0.28712214E+01 -0.77176101E+01 -0.22167817E+04
    171.0000  0.43364590E+04  0.48812904E+02  0.23169861E+02  0.15092715E+01 -0.29796690E+02 -0.24154419E+04 -0.62752778E+01  0.12896752E+03 -0.74660649E+01 -0.16407003E+02  0.24204472E+04 -0.10316551E+02 -0.23486732E+01 -0.10757841E+03  0.76226835E+01 -0.43119978E+04
    172.0000  0.48995703E+04  0.49871336E+02 -0.95888354E+02 -0.16756373E+03 -0.80719980E+01  0.17897750E+04  0.17403393E+03  0.59025619E+02  0.51826835E+00  0.17131436E+03 -0.17891215E+04  0.34772926E+02  0.16945165E+03 -0.29063201E+02 -0.37448936E+02 -0.48840541E+04
    173.0000  0.30952568E+04 -0.17811961E+02  0.28940988E+02 -0.11877867E+03 -0.67268644E+01 -0.64200584E+03 -0.73300122E+02 -0.29341431E+02  0.12815952E+02 -0.72298310E+02  0.64193779E+03  0.95079284E+01  0.11891986E+03 -0.25511905E+02 -0.18964928E+02 -0.30857749E+04
    174.0000  0.12281537E+05  0.27317212E+02 -0.14283697E+03 -0.39247012E+03 -0.11004862E+03  0.14687074E+04  0.24437945E+03  0.63672266E+02 -0.11920821E+03  0.24052073E+03 -0.14650137E+04  0.32738087E+02  0.39359816E+03 -0.10600702E+03 -0.59430741E+02 -0.12264316E+05
    175.0000  0.23860792E+05  0.11867501E+03 -0.16188153E+03 -0.21448297E+03 -0.55721481E+02 -0.91977305E+04  0.24839805E+03  0.13278768E+03 -0.17183702E+03  0.23659597E+03  0.92014848E+04  0.29667698E+02  0.21472263E+03 -0.78978978E+02 -0.33313064E+02 -0.23841456E+05
    176.0000  0.21125548E+05  0.13268076E+02  0.67513001E+01 -0.64696691E+03  0.23469049E+02  0.28483731E+04  0.78679740E+03  0.12747255E+02 -0.47488573E+01  0.78746331E+03 -0.28488868E+04  0.56332973E+02  0.64693203E+03  0.49095596E+02 -0.49033053E+02 -0.21120018E+05
    177.0000  0.77461471E+05 -0.47029027E+02 -0.14851539E+03 -0.40538635E+04 -0.15134675E+03  0.52760454E+05  0.44352182E+04 -0.55153116E+02 -0.34916529E+02  0.44346878E+04 -0.52760373E+05 -0.12509578E+03  0.40541518E+04 -0.10643129E+03  0.73374875E+02 -0.77456683E+05
    178.0000  0.33536253E+06  0.62753819E+02 -0.31614858E+03 -0.16965329E+03 -0.19228715E+03 -0.30064923E+06  0.11580315E+04  0.13368459E+02 -0.20701117E+03  0.11579694E+04  0.30064924E+06 -0.10500263E+02  0.16962688E+03 -0.24350231E+02 -0.44717607E+02 -0.33535286E+06
    179.0000  0.22478651E+07  0.52015946E+01 -0.19551994E+02 -0.51916166E+05 -0.10866230E+02  0.12244845E+07  0.10214131E+06  0.14843203E+01 -0.14360399E+02  0.10214131E+06 -0.12244845E+07  0.14001208E+01  0.51916221E+05  0.19552736E+00 -0.42762831E+01 -0.22478634E+07
    180.0000  0.45110335E+07  0.27264219E-08  0.31392843E-08 -0.14951925E+06 -0.37859778E-08  0.45005413E+07  0.26866133E+06  0.96554240E-10 -0.28877391E-09  0.26866133E+06 -0.45005413E+07  0.54927165E-09  0.14951925E+06 -0.31523011E-09  0.42803892E-09 -0.45110335E+07
